Datasets/IONEX_FILES/GPSG0780.21I
     1.0            IONOSPHERE MAPS     GPS                 IONEX VERSION / TYPE
BIMINX V5.3         AIUB                20-MAR-21 07:36     PGM / RUN BY / DATE 
BROADCAST IONOSPHERE MODEL FOR DAY 078, 2021                COMMENT             
  2021     3    19     0     0     0                        EPOCH OF FIRST MAP  
  2021     3    20     0     0     0                        EPOCH OF LAST MAP   
  3600                                                      INTERVAL            
    25                                                      # OF MAPS IN FILE   
  NONE                                                      MAPPING FUNCTION    
     0.0                                                    ELEVATION CUTOFF    
                                                            OBSERVABLES USED    
  6371.0                                                    BASE RADIUS         
     2                                                      MAP DIMENSION       
   350.0 350.0   0.0                                        HGT1 / HGT2 / DHGT  
    87.5 -87.5  -2.5                                        LAT1 / LAT2 / DLAT  
  -180.0 180.0   5.0                                        LON1 / LON2 / DLON  
    -1                                                      EXPONENT            
TEC/RMS values in 0.1 TECU; 9999, if no value available     COMMENT             
                                                            END OF HEADER       
[from data line 2145]
     6                                                      START OF TEC MAP    
  2021     3    19     5     0     0                        EPOCH OF CURRENT MAP
    87.5-180.0 180.0   5.0 350.0                            LAT/LON1/LON2/DLON/H
  106  101   96   93   92   92   92   92   92   92   92   92   92   92   92   92
   92   92   92   92   92   92   92   92   92   92   92   92   92   92   92   92
   92   92   92   92   92   92   92   92   92   92   92   92   92   92   92   92
   93   98  104  110  117  124  131  138  144  149  153  156  159  159  159  157
  154  150  145  139  132  126  119  112  106
    85.0-180.0 180.0   5.0 350.0                            LAT/LON1/LON2/DLON/H
  106  101   96   93   92   92   92   92   92   92   92   92   92   92   92   92
   92   92   92   92   92   92   92   92   92   92   92   92   92   92   92   92
   92   92   92   92   92   92   92   92   92   92   92   92   92   92   92   92
   93   98  104  110  117  124  131  138  144  149  153  156  159  159  159  157
  154  150  145  139  132  126  119  112  106
    82.5-180.0 180.0   5.0 350.0                            LAT/LON1/LON2/DLON/H
  106  101   96   93   92   92   92   92   92   92   92   92   92   92   92   92
   92   92   92   92   92   92   92   92   92   92   92   92   92   92   92   92
   92   92   92   92   92   92   92   92   92   92   92   92   92   92   92   92
   93   98  104  110  117  124  131  138  144  149  153  156  159  159  159  157
  154  150  145  139  132  126  119  112  106
    80.0-180.0 180.0   5.0 350.0                            LAT/LON1/LON2/DLON/H
  106  101   96   93   92   92   92   92   92   92   92   92   92   92   92   92
   92   92   92   92   92   92   92   92   92   92   92   92   92   92   92   92
   92   92   92   92   92   92   92   92   92   92   92   92   92   92   92   92
   93   98  104  110  117  124  131  138  144  149  153  156  159  159  159  157
  154  150  145  139  132  126  119  112  106
    77.5-180.0 180.0   5.0 350.0                            LAT/LON1/LON2/DLON/H
  106  101   96   93   92   92   92   92   92   92   92   92   92   92   92   92
   92   92   92   92   92   92   92   92   92   92   92   92   92   92   92   92
   92   92   92   92   92   92   92   92   92   92   92   92   92   92   92   92
   93   98  104  110  117  124  131  138  144  149  153  156  159  159  159  157
  154  150  145  139  132  126  119  112  106
    75.0-180.0 180.0   5.0 350.0                            LAT/LON1/LON2/DLON/H
  106  101   96   93   92   92   92   92   92   92   92   92   92   92   92   92
   92   92   92   92   92   92   92   92   92   92   92   92   92   92   92   92
   92   92   92   92   92   92   92   92   92   92   92   92   92   92   92   92
   93   98  104  110  117  124  131  138  144  149  153  156  159  159  159  157
  154  150  145  139  132  126  119  112  106
    72.5-180.0 180.0   5.0 350.0                            LAT/LON1/LON2/DLON/H
  116  109  103   99   95   93   92   92   92   92   92   92   92   92   92   92
   92   92   92   92   92   92   92   92   92   92   92   92   92   92   92   92
   92   92   92   92   92   92   92   92   92   92   92   92   92   92   92   92
   93  100  107  115  123  131  139  147  154  160  165  169  171  173  172  171
  168  164  158  152  145  138  130  123  116
    70.0-180.0 180.0   5.0 350.0                            LAT/LON1/LON2/DLON/H
  125  117  110  104   99   95   93   92   92   92   92   92   92   92   92   92
   92   92   92   92   92   92   92   92   92   92   92   92   92   92   92   92
   92   92   92   92   92   92   92   92   92   92   92   92   92   92   92   92
   94  102  110  119  129  138  147  156  164  171  176  181  184  186  186  184
  181  177  172  165  158  150  142  133  125
    67.5-180.0 180.0   5.0 350.0                            LAT/LON1/LON2/DLON/H
  134  125  116  109  102   97   93   92   92   92   92   92   92   92   92   92
   92   92   92   92   92   92   92   92   92   92   92   92   92   92   92   92
   92   92   92   92   92   92   92   92   92   92   92   92   92   92   92   92
   94  103  113  123  134  144  155  164  173  181  187  192  196  198  198  197
  194  190  184  178  170  161  152  143  134
    65.0-180.0 180.0   5.0 350.0                            LAT/LON1/LON2/DLON/H
  142  132  123  114  106   99   93   92   92   92   92   92   92   92   92   92
   92   92   92   92   92   92   92   92   92   92   92   92   92   92   92   92
   92   92   92   92   92   92   92   92   92   92   92   92   92   92   92   92
   94  105  116  127  139  150  162  172  182  190  197  203  207  209  210  209
  206  202  196  189  181  172  162  152  142
    62.5-180.0 180.0   5.0 350.0                            LAT/LON1/LON2/DLON/H
  150  139  128  118  109  101   94   92   92   92   92   92   92   92   92   92
   92   92   92   92   92   92   92   92   92   92   92   92   92   92   92   92
   92   92   92   92   92   92   92   92   92   92   92   92   92   92   92   92
   95  106  118  131  144  156  169  180  190  199  207  213  217  220  221  220
  218  213  207  200  192  182  172  161  150
    60.0-180.0 180.0   5.0 350.0                            LAT/LON1/LON2/DLON/H
  157  145  134  122  112  102   94   92   92   92   92   92   92   92   92   92
   92   92   92   92   92   92   92   92   92   92   92   92   92   92   92   92
   92   92   92   92   92   92   92   92   92   92   92   92   92   92   92   92
   95  108  122  136  151  164  177  189  200  209  217  223  227  230  231  230
  228  224  218  210  201  191  180  169  157
    57.5-180.0 180.0   5.0 350.0                            LAT/LON1/LON2/DLON/H
  164  151  139  126  115  104   94   92   92   92   92   92   92   92   92   92
   92   92   92   92   92   92   92   92   92   92   92   92   92   92   92   92
   92   92   92   92   92   92   92   92   92   92   92   92   92   92   92   92
   99  113  128  143  158  172  185  197  208  218  225  232  237  239  241  240
  238  234  228  220  211  201  189  177  164
    55.0-180.0 180.0   5.0 350.0                            LAT/LON1/LON2/DLON/H
  172  157  143  130  117  105   94   92   92   92   92   92   92   92   92   92
   92   92   92   92   92   92   92   92   92   92   92   92   92   92   92   92
   92   92   92   92   92   92   92   92   92   92   92   92   92   92   92   92
  104  119  135  150  165  179  193  205  216  226  234  240  245  248  249  249
  247  243  237  229  220  210  198  185  172
    52.5-180.0 180.0   5.0 350.0                            LAT/LON1/LON2/DLON/H
  180  165  150  135  120  107   95   92   92   92   92   92   92   92   92   92
   92   92   92   92   92   92   92   92   92   92   92   92   92   92   92   92
   92   92   92   92   92   92   92   92   92   92   92   92   92   92   92   93
  109  125  141  157  172  187  200  212  223  233  241  248  253  256  257  257
  255  251  245  238  229  219  207  194  180
    50.0-180.0 180.0   5.0 350.0                            LAT/LON1/LON2/DLON/H
  188  173  158  142  126  110   96   92   92   92   92   92   92   92   92   92
   92   92   92   92   92   92   92   92   92   92   92   92   92   92   92   92
   92   92   92   92   92   92   92   92   92   92   92   92   92   92   92   98
  114  131  147  163  178  193  207  219  230  240  248  255  260  263  265  264
  262  258  253  246  237  227  215  202  188
    47.5-180.0 180.0   5.0 350.0                            LAT/LON1/LON2/DLON/H
  195  180  165  149  132  116  101   92   92   92   92   92   92   92   92   92
   92   92   92   92   92   92   92   92   92   92   92   92   92   92   92   92
   92   92   92   92   92   92   92   92   92   92   92   92   92   92   92  103
  119  136  153  169  184  199  213  225  236  246  254  261  266  270  271  271
  269  265  260  253  244  234  222  209  195
    45.0-180.0 180.0   5.0 350.0                            LAT/LON1/LON2/DLON/H
  202  187  172  155  139  122  106   92   92   92   92   92   92   92   92   92
   92   92   92   92   92   92   92   92   92   92   92   92   92   92   92   92
   92   92   92   92   92   92   92   92   92   92   92   92   92   92   92  107
  124  141  158  174  190  205  218  231  242  252  260  267  272  275  277  277
  275  272  266  259  251  241  229  216  202
    42.5-180.0 180.0   5.0 350.0                            LAT/LON1/LON2/DLON/H
  209  194  178  162  145  128  111   95   92   92   92   92   92   92   92   92
   92   92   92   92   92   92   92   92   92   92   92   92   92   92   92   92
   92   92   92   92   92   92   92   92   92   92   92   92   92   92   95  112
  129  146  163  179  195  210  223  236  247  257  265  272  277  280  282  282
  281  277  272  265  257  247  236  223  209
    40.0-180.0 180.0   5.0 350.0                            LAT/LON1/LON2/DLON/H
  215  200  184  168  151  133  116  100   92   92   92   92   92   92   92   92
   92   92   92   92   92   92   92   92   92   92   92   92   92   92   92   92
   92   92   92   92   92   92   92   92   92   92   92   92   92   92   99  116
  133  151  168  184  200  214  228  240  252  261  270  276  281  285  287  287
  285  282  277  270  262  253  241  229  215
    37.5-180.0 180.0   5.0 350.0                            LAT/LON1/LON2/DLON/H
  220  205  190  173  156  139  121  104   92   92   92   92   92   92   92   92
   92   92   92   92   92   92   92   92   92   92   92   92   92   92   92   92
   92   92   92   92   92   92   92   92   92   92   92   92   92   92  103  120
  138  155  172  188  204  218  232  244  255  265  273  280  285  289  291  291
  289  286  282  275  267  257  246  234  220
    35.0-180.0 180.0   5.0 350.0                            LAT/LON1/LON2/DLON/H
  225  210  195  178  161  144  126  109   92   92   92   92   92   92   92   92
   92   92   92   92   92   92   92   92   92   92   92   92   92   92   92   92
   92   92   92   92   92   92   92   92   92   92   92   92   92   92  106  124
  141  159  176  192  207  222  235  248  259  268  277  283  288  292  294  294
  293  290  285  279  271  262  251  239  225
    32.5-180.0 180.0   5.0 350.0                            LAT/LON1/LON2/DLON/H
  229  215  199  183  166  148  131  113   96   92   92   92   92   92   92   92
   92   92   92   92   92   92   92   92   92   92   92   92   92   92   92   92
   92   92   92   92   92   92   92   92   92   92   92   92   92   92  110  127
  145  162  179  195  210  225  238  250  261  271  279  286  291  295  297  297
  296  293  288  282  275  266  255  243  229
    30.0-180.0 180.0   5.0 350.0                            LAT/LON1/LON2/DLON/H
  233  219  203  187  170  153  135  117  100   92   92   92   92   92   92   92
   92   92   92   92   92   92   92   92   92   92   92   92   92   92   92   92
   92   92   92   92   92   92   92   92   92   92   92   92   92   95  113  130
  148  165  182  198  213  227  241  253  264  273  281  288  293  297  299  299
  298  295  291  285  278  269  258  246  233
    27.5-180.0 180.0   5.0 350.0                            LAT/LON1/LON2/DLON/H
  236  222  207  191  174  157  139  121  104   92   92   92   92   92   92   92
   92   92   92   92   92   92   92   92   92   92   92   92   92   92   92   92
   92   92   92   92   92   92   92   92   92   92   92   92   92   98  115  133
  150  168  184  200  215  229  243  254  265  275  283  289  295  298  300  301
  300  297  293  287  280  271  261  249  236
    25.0-180.0 180.0   5.0 350.0                            LAT/LON1/LON2/DLON/H
  239  225  210  194  178  160  143  125  107   92   92   92   92   92   92   92
   92   92   92   92   92   92   92   92   92   92   92   92   92   92   92   92
   92   92   92   92   92   92   92   92   92   92   92   92   92  100  118  135
  153  170  186  202  217  231  244  256  266  276  284  290  296  299  301  302
  301  299  295  289  282  273  263  252  239
    22.5-180.0 180.0   5.0 350.0                            LAT/LON1/LON2/DLON/H
  241  228  213  197  181  164  146  128  110   93   92   92   92   92   92   92
   92   92   92   92   92   92   92   92   92   92   92   92   92   92   92   92
   92   92   92   92   92   92   92   92   92   92   92   92   92  102  120  137
  154  171  188  203  218  232  245  257  267  276  284  291  296  300  302  303
  302  299  296  290  283  275  265  254  241
    20.0-180.0 180.0   5.0 350.0                            LAT/LON1/LON2/DLON/H
  243  230  215  200  183  166  149  131  113   96   92   92   92   92   92   92
   92   92   92   92   92   92   92   92   92   92   92   92   92   92   92   92
   92   92   92   92   92   92   92   92   92   92   92   92   92  104  122  139
  156  173  189  204  219  233  245  257  267  276  284  291  296  300  302  303
  302  300  296  291  284  276  266  255  243
    17.5-180.0 180.0   5.0 350.0                            LAT/LON1/LON2/DLON/H
  244  231  217  201  185  169  151  134  116   98   92   92   92   92   92   92
   92   92   92   92   92   92   92   92   92   92   92   92   92   92   92   92
   92   92   92   92   92   92   92   92   92   92   92   92   92  106  123  140
  157  173  189  205  219  233  245  257  267  276  284  290  295  299  301  302
  302  300  296  291  284  276  267  256  244
    15.0-180.0 180.0   5.0 350.0                            LAT/LON1/LON2/DLON/H
  245  232  218  203  187  170  153  136  118  101   92   92   92   92   92   92
   92   92   92   92   92   92   92   92   92   92   92   92   92   92   92   92
   92   92   92   92   92   92   92   92   92   92   92   92   92  107  124  141
  158  174  190  205  219  232  245  256  266  275  283  289  294  298  300  301
  301  299  295  290  284  276  267  257  245
    12.5-180.0 180.0   5.0 350.0                            LAT/LON1/LON2/DLON/H
  245  233  219  204  188  172  155  138  120  103   92   92   92   92   92   92
   92   92   92   92   92   92   92   92   92   92   92   92   92   92   92   92
   92   92   92   92   92   92   92   92   92   92   92   92   92  108  125  142
  158  174  190  204  218  232  244  255  265  274  282  288  293  297  299  300
  300  298  294  290  283  276  267  257  245
    10.0-180.0 180.0   5.0 350.0                            LAT/LON1/LON2/DLON/H
  245  233  219  205  189  173  156  139  122  105   92   92   92   92   92   92
   92   92   92   92   92   92   92   92   92   92   92   92   92   92   92   92
   92   92   92   92   92   92   92   92   92   92   92   92   92  109  125  142
  158  174  189  204  217  230  242  253  263  272  280  286  291  295  297  298
  298  296  293  288  282  275  266  256  245
     7.5-180.0 180.0   5.0 350.0                            LAT/LON1/LON2/DLON/H
  244  232  219  205  190  174  157  140  123  106   92   92   92   92   92   92
   92   92   92   92   92   92   92   92   92   92   92   92   92   92   92   92
   92   92   92   92   92   92   92   92   92   92   92   92   93  109  125  142
  158  173  188  203  216  229  241  252  261  270  278  284  289  293  295  296
  296  294  291  287  281  274  265  255  244
     5.0-180.0 180.0   5.0 350.0                            LAT/LON1/LON2/DLON/H
  243  231  218  205  190  174  158  141  124  107   92   92   92   92   92   92
   92   92   92   92   92   92   92   92   92   92   92   92   92   92   92   92
   92   92   92   92   92   92   92   92   92   92   92   92   93  109  125  141
  157  172  187  201  214  227  239  249  259  268  275  281  286  290  292  293
  293  292  289  284  279  272  264  254  243
     2.5-180.0 180.0   5.0 350.0                            LAT/LON1/LON2/DLON/H
  242  230  218  204  189  174  158  142  125  108   92   92   92   92   92   92
   92   92   92   92   92   92   92   92   92   92   92   92   92   92   92   92
   92   92   92   92   92   92   92   92   92   92   92   92   93  109  125  140
  156  171  185  199  212  225  236  247  256  265  272  278  283  287  289  290
  290  289  286  282  276  270  262  252  242
